0.2734279930591583,0.015278000384569168,0.4271169900894165,3.0980000495910645,0.010999999940395355,-0.47699999809265137
0.2765670120716095,0.011718999594449997,0.418520987033844,3.071000099182129,-0.0010000000474974513,-0.5580000281333923
0.2675279974937439,0.006310999859124422,0.4131929874420166,2.992000102996826,0.03799999877810478,-0.6169999837875366
0.26131001114845276,0.016056999564170837,0.40748798847198486,3.0160000324249268,0.1289999932050705,-0.5889999866485596
0.26939401030540466,0.015096000395715237,0.43056100606918335,3.0899999141693115,0.02500000037252903,-0.4860000014305115
0.28891900181770325,0.023996999487280846,0.4142549932003021,3.069000005722046,0.057999998331069946,-0.460999995470047
0.27245599031448364,0.022388000041246414,0.4090310037136078,3.0360000133514404,0.10999999940395355,-0.46399998664855957
0.2711940109729767,0.017596999183297157,0.409494012594223,2.993000030517578,0.09000000357627869,-0.5600000023841858
0.26889801025390625,0.02590099908411503,0.4052709937095642,3.0309998989105225,0.1459999978542328,-0.5320000052452087
0.2668209969997406,0.025692999362945557,0.42013800144195557,3.1010000705718994,0.05400000140070915,-0.49399998784065247
0.2693060040473938,0.025930000469088554,0.428072988986969,3.125999927520752,0.01899999938905239,-0.42500001192092896
0.27169299125671387,0.026156999170780182,0.42802900075912476,3.134000062942505,0.004999999888241291,-0.3970000147819519
0.2632949948310852,0.023778999224305153,0.42352598905563354,3.1080000400543213,0.03099999949336052,-0.40299999713897705
0.26680999994277954,0.02410000003874302,0.4233979880809784,3.11899995803833,0.009999999776482582,-0.3790000081062317
0.24121299386024475,0.02245599962770939,0.4305039942264557,3.078000068664551,0.10300000011920929,-0.38100001215934753
