0.2576110064983368,0.017678000032901764,0.4199390113353729,-3.117000102996826,0.0689999982714653,-0.5849999785423279
0.26215600967407227,0.01343700010329485,0.3995940089225769,3.0910000801086426,0.09700000286102295,-0.7179999947547913
0.2644070088863373,0.01754399947822094,0.42311400175094604,-3.0899999141693115,0.03099999949336052,-0.796999990940094
0.2548399865627289,0.034961998462677,0.4293160140514374,-3.1040000915527344,0.04600000008940697,-0.4659999907016754
0.2510949969291687,0.02381500042974949,0.4357829988002777,-3.1070001125335693,0.010999999940395355,-0.460999995470047
0.24892699718475342,0.027970999479293823,0.44655901193618774,-3.0950000286102295,-0.014000000432133675,-0.37700000405311584
0.24891899526119232,0.02797600068151951,0.4465569853782654,-3.0929999351501465,-0.006000000052154064,-0.5429999828338623
0.2701430022716522,0.03009900078177452,0.43181198835372925,-3.0869998931884766,-0.01600000075995922,-0.5019999742507935
0.2714329957962036,0.014588999561965466,0.4318149983882904,-3.0859999656677246,-0.010999999940395355,-0.6439999938011169
0.26663699746131897,0.014310000464320183,0.44035300612449646,-3.0880000591278076,-0.004000000189989805,-0.75
0.264290988445282,0.014233999885618687,0.4434469938278198,-3.0880000591278076,-0.032999999821186066,-0.39399999380111694
0.26404300332069397,0.018198000267148018,0.4433709979057312,-3.115999937057495,-0.04600000008940697,-0.4339999854564667
0.22637400031089783,0.015589999966323376,0.4684560000896454,-3.115999937057495,-0.04699999839067459,-0.4350000023841858
0.2283959984779358,0.01179100014269352,0.45775699615478516,3.0869998931884766,0.02800000086426735,-0.5400000214576721
0.2734009921550751,0.014550999738276005,0.4254530072212219,3.0940001010894775,0.017999999225139618,-0.47999998927116394
