0.24183900654315948,0.023145999759435654,0.43057700991630554,3.0789999961853027,0.10100000351667404,-0.3779999911785126
0.2478480041027069,0.029929999262094498,0.4300279915332794,3.135999917984009,0.07999999821186066,-0.4059999883174896
0.2510260045528412,0.030246999114751816,0.4413659870624542,-3.119999885559082,0.028999999165534973,-0.5429999828338623
0.25769099593162537,0.030920999124646187,0.43264999985694885,3.13700008392334,0.0560000017285347,-0.6290000081062317
0.2554210126399994,0.04599300026893616,0.43265798687934875,3.13700008392334,0.0560000017285347,-0.5699999928474426
0.2750470042228699,0.016905000433325768,0.40883898735046387,3.0769999027252197,0.12200000137090683,-0.6909999847412109
0.28391599655151367,0.017291000112891197,0.4393559992313385,-3.0929999351501465,0.0010000000474974513,-0.765999972820282
0.2820949852466583,0.017208000645041466,0.43130800127983093,-3.125999927520752,0.03200000151991844,-0.8320000171661377
0.29054000973701477,0.01773500069975853,0.4314740002155304,-3.0799999237060547,0.0010000000474974513,-0.9319999814033508
0.2741749882698059,0.017010999843478203,0.45436298847198486,-3.0260000228881836,-0.07000000029802322,-0.7170000076293945
0.2557390034198761,0.02219199948012829,0.45347800850868225,-3.0739998817443848,0.03700000047683716,-0.5070000290870667
0.2658520042896271,0.022633999586105347,0.4279159903526306,-3.0850000381469727,0.12300000339746475,-0.13600000739097595
0.26523900032043457,0.02912300080060959,0.4286099970340729,-3.056999921798706,0.14399999380111694,-0.2460000067949295
0.2678380012512207,0.023655999451875687,0.4356899857521057,-3.0829999446868896,0.09000000357627869,-0.2709999978542328
