0.1806820034980774,0.004236000124365091,0.48809298872947693,3.140000104904175,-0.041999999433755875,-0.289000004529953
0.1806890070438385,0.004238000139594078,0.48809298872947693,3.140000104904175,-0.041999999433755875,-0.28299999237060547
0.18068799376487732,0.004234999883919954,0.4880880117416382,3.140000104904175,-0.041999999433755875,-0.27000001072883606
0.18067799508571625,0.004236000124365091,0.48809298872947693,3.1389999389648438,-0.041999999433755875,-0.25999999046325684
0.18067799508571625,0.004232000093907118,0.48809701204299927,3.1389999389648438,-0.041999999433755875,-0.2540000081062317
0.18067200481891632,0.004234999883919954,0.4881010055541992,3.1389999389648438,-0.041999999433755875,-0.24899999797344208
0.18067799508571625,0.004234000109136105,0.488088995218277,3.138000011444092,-0.041999999433755875,-0.24500000476837158
0.18067899346351624,0.004234000109136105,0.48809701204299927,3.138000011444092,-0.041999999433755875,-0.23600000143051147
0.18068799376487732,0.004238999914377928,0.4880880117416382,3.138000011444092,-0.041999999433755875,-0.22599999606609344
0.18068499863147736,0.004232000093907118,0.48809298872947693,3.13700008392334,-0.041999999433755875,-0.21699999272823334
0.18067200481891632,0.004881999921053648,0.4880810081958771,3.1419999599456787,-0.04100000113248825,-0.21400000154972076
0.18063299357891083,0.006060999818146229,0.48807400465011597,3.1489999294281006,-0.039000000804662704,-0.2070000022649765
0.18062999844551086,0.006060000043362379,0.48808300495147705,3.1500000953674316,-0.039000000804662704,-0.2199999988079071
0.18062999844551086,0.006072999909520149,0.4880790114402771,3.1500000953674316,-0.039000000804662704,-0.2240000069141388