0.2341729998588562,-0.032430000603199005,0.4656359851360321,3.1059999465942383,0.023000000044703484,0.30799999833106995
0.23462900519371033,0.028866000473499298,0.4656510055065155,3.1059999465942383,0.023000000044703484,0.5680000185966492
0.2521600127220154,0.04676499962806702,0.46693000197410583,3.0439999103546143,-0.10199999809265137,0.6380000114440918
0.22065000236034393,0.011067000217735767,0.4915899932384491,3.0309998989105225,-0.08100000023841858,0.7009999752044678
0.2519359886646271,0.01321099977940321,0.4330979883670807,3.115000009536743,0.10199999809265137,0.25600001215934753
0.25429999828338623,0.028272999450564384,0.44759199023246765,-3.0810000896453857,-0.008999999612569809,0.492000013589859
0.255748987197876,-0.008365999907255173,0.4475890100002289,-3.0799999237060547,-0.003000000026077032,0.2460000067949295
0.25363799929618835,-0.03356799855828285,0.44833099842071533,3.0269999504089355,0.032999999821186066,0.05999999865889549
0.2670919895172119,-0.012395000085234642,0.4193139970302582,-3.069000005722046,0.041999999433755875,0.5270000100135803
0.20575499534606934,-0.008344000205397606,0.45263299345970154,3.1470000743865967,-0.04600000008940697,0.6809999942779541
0.21212999522686005,-0.008577000349760056,0.4346129894256592,-3.122999906539917,-0.03500000014901161,0.6779999732971191
0.2103859931230545,0.028481999412178993,0.4346190094947815,-3.122999906539917,-0.03500000014901161,0.8529999852180481
0.20088599622249603,0.02742999978363514,0.4099150002002716,-3.053999900817871,0.08500000089406967,0.5870000123977661
0.22012099623680115,0.013615000061690807,0.40906599164009094,3.0859999656677246,-0.0010000000474974513,0.20999999344348907
